 1895  237   40   66
  152  143   38   65
  215  119   51   89
  283  119   58   89
  367  124   53   84
 
 
 1759  236   41   67
 1691  237   43   66
 1623  237   45   66
 1554  238   41   65
 
  
 1868 1125   46   43
 1793 1099   50   60
 1733 1085   51   83
 1675 1065   49   95
 1613 1106   39   62

  
  674  829   50   67
  743  829   62   67
  820  827   51   69
  893  823   54   72
  234  812   57   84
  438  834   84   62
  533  836   59   66
  601  841   56   61

 
 1817 1213   74   64
 1906 1212   68   65
   28 1328   72   69
  112 1342  112   49
  243 1337   82   76
  
 
 1859 1667   35   61
 1900 1673   48   54
   27 1798   70   42
  120 1809   91   31
  221 1822   92   23
