1684 335 47 65
1749 335 49 65
1817 334 49 66
1885 335 49 65


1850 806 75 58
1764 805 73 59
1677 806 64 58
1589 808 73 56
1502 810 72 52
1415 808 67 53
1325 806 64 57
1235 805 74 58
1147 806 76 57
1056 808 72 54
961 810 80 54


1613 696 73 65

 1734  438   73   74
 1834  437   75   75
   26  570   62   70
  116  571   77   69
  207  583  107   57
  327  583   89   57
  424  583   73   58
  
 1169 1593   72   64
 1264 1579   74   78
 1345 1597  113   60
 
 
  556  335   60   65
  644  338   65   60
  726  337   77   52
  838  327   78   69
  936  323   93   66
 1044  337   99   52
 1160  345   83   43