    0  482   61   71
    
 1035   72   82   68
  801   77   78   67
  720   77   65   66
  
  252  373   72   55
  350  365   57   65
  428  350   53   72
  675  344   53   74
  820  342   53   78
 1047  352   20   45
  
 1004  497   59   69
  886  492   89   71
  796  488   78   71
  693  474   90   83
  598  468   78   92
  506  456   77   95
  415  456   71   94
  305  461   68   92
  187  470   77   85
   86  472   75   79
   
  252  373   72   55
   
 1080  216   63   66
 1003  215   54   66
  934  214   56   66
  703  223   71   53
  605  239   82   43
  505  257   88   21
  

