   24  802   77  102
   30  150   88  106
  142  149   74  107
  245  155   77  102
  347  154   85  103
  460  153   90  104
  579  150   76  107
  679  151   79  106
   22  526  105   96
  158  510  101  112
  286  510   96  116
  416  517   97   97
   34  926   76  127
  139  911  133  142
  288  934  143  120
  461  954  172  100
  668  951   88  103
   28 1190  107  110
  156 1191  119  109
  310 1201  118   99
  445 1202  173   98
  631 1204  153   96
  809 1204  118   96
  459 1612  122  101
  604 1633  134   76
  748 1667  167   51
