     7    12    41    37
    58    12    41    37
   110    12    41    37
   164    12    40    37
   218    12    40    37

    13   113    41    39
    63   113    40    39
   115   113    37    39
   165   113    38    39
   217   113    39    39
   269   113    41    39
   321   113    40    39
   372   113    38    39
   423   113    37    39
   477   113    39    39

    67   216    38    45
   114   216    38    45
   162   216    38    45
   210   216    38    45
   256   216    38    45
   306   216    38    45
   353   216    38    45
   
   17 1210   40   35
   69 1210   46   35
  126 1208   50   37
  189 1208   54   38
  257 1207   55   40
  322 1208   57   41
   20 1256   58   42
   91 1259   57   41
  165 1256   56   43
  233 1256   56   42
  312 1257   56   44
