   30  436  211   76
  284  438  207   74
  
  
  523  440  226   72
  781  440  233   72
 1048  436  229   75
 1307  438  220   74
 1574  440  203   72
 1826  440  210   72
 

 2863  372  190  140
 3147  372  163  140
 3422  359  145  152
 3630  352  193  158

 
 5653  411  218  100
 5414  406  200  105
 5164  407  195  104
 4883  395  222  117
 4608  368  244  144
 4355  429  238   81
 4117  427  219   82
 

 4917  139  157  117
 5677 1383  180  151
 5416 1447  196   89
 5164 1468  198   68
 4908 1484  196   52

 
 
