 1367  947  178  140
 1176  947  177  140
  973  945  182  142
  763  945  189  142
  548  945  189  142
  348  945  189  142
  
 1332  392  213  117
 1085  404  233  105
  826  401  240  108
  565  399  240  110
  317  390  213  119
   77  390  215  119
   
  511  217  257  135
  
 1094  763  215  124
  940  567  199  156
 
  653  782  222  140
  891  733  166  203
  
 1412 1122  133  183
 1272 1104  105  201
 1111 1120  135  185
  887 1174  205  131
  658 1202  212  103
  427 1255  215   50
  191 1258  213   47
