    6   11   73   96
   90   10   70   97
  172   11   73   96
  258   12   77   95
  347   12   77   95
  
  
  
  463   12   76   95
  547   11   80   96
  635   13   82   94
  728   14   82   93
  820   12   78   95
  910   12   76   95
  

   21  138   78   95
  108  138  106   95
  220  116  100  117
  331  137  114   95
  465  138   99   94
  585  140   98   95
  713  142   83   91
  812  141   83   92
  
  
  
  
    4  255  106   95
  130  275  125   76
  271  275  118   76
  404  272  120   79
  533  275  121   77
  
  
  
   27  516   91   86
  137  493   76  109
  331  510   83   92
  539  547   85   55
  228  556   93   46
  437  556   93   46
  461  661   80   30
  561  628   62   96
  640  623   22   89
