 
Idle
 
  945   11   73   96
  864   10   70   97
  779   11   73   96
  689   12   77   95
  600   12   77   95
  
  
  Andar
  
  485   12   76   95
  397   11   80   96
  307   13   82   94
  214   14   82   93
  126   12   78   95
   38   12   76   95
   
   
   
   Saltar
   
  925  138   78   95
  810  138  106   95
  704  116  100  117
  579  137  114   95
  341  140   98   95
  228  142   83   91
  129  141   83   92
  
  Atacar
  914  255  106   95
  769  275  125   76
  635  275  118   76
  500  272  120   79
  370  275  121   77
  
  
  falta ataquesalto
  
Muerte
  917  399   91   86
  830  376   76  109
  610  510   83   92
  400  547   85   55
  703  556   93   46
  494  556   93   46
  483  661   80   30
  401  628   62   96
  362  623   22   89
