
idle

 1416   18  130   61
 1269   17  130   62
 1120   17  130   62
  973   17  131   62
  823   17  131   62
  
  andar
 1417  111  132   62
 1276  110  127   63
 1142  112  119   61
 1004  111  122   62
  857  111  127   62
  715  112  131   61
  571  113  128   60
  433  110  123   63
  293  110  121   63
  148  112  126   61
  
 
  saltar
 1426  355  122   51
 1282  326  118   80
  873  321  154   75
  720  352  130   54
  562  344  129   62
  
  
    
  atacar
 1430  219  120   56
 1286  221  120   54
 1145  221  120   54
  999  218  124   57
  824  218  160   57
  676  218  124   57
  
  
  
  muerte
 1437  576  114   51
 1300  558  110   69
 1186  550   88   79
 1032  560  127   58
  866  587  150   36
